21
244
42
10000
171
16     1.33
45     1.32
66     1.40
107    1.16
136    1.39
194    1.31
262    1.20
285    1.20
337    1.41
446    1.27
463    1.28
492    1.32
587    1.43
627    1.26
728    1.16
787    1.37
807    1.25
822    1.36
853    1.42
891    1.32
960    1.24
985    1.43
1090   1.20
1198   1.15
1220   1.44
1305   1.41
1377   1.39
1427   1.36
1505   1.32
1523   1.39
1566   1.25
1586   1.42
1646   1.31
1742   1.35
1845   1.23
1890   1.42
1911   1.26
1926   1.26
1987   1.24
2078   1.35
2104   1.18
2168   1.18
2264   1.20
2301   1.22
2344   1.17
2433   1.36
2477   1.45
2565   1.25
2669   1.39
2707   1.29
2744   1.19
2837   1.21
2893   1.32
2984   1.21
3045   1.35
3081   1.18
3127   1.29
3143   1.37
3247   1.16
3281   1.44
3316   1.22
3419   1.30
3454   1.16
3542   1.31
3600   1.22
3633   1.24
3690   1.15
3751   1.36
3780   1.23
3852   1.16
3924   1.25
3975   1.27
4033   1.39
4119   1.33
4189   1.21
4209   1.38
4299   1.16
4314   1.18
4343   1.41
4370   1.39
4459   1.18
4509   1.38
4569   1.17
4642   1.22
4714   1.17
4746   1.31
4806   1.29
4899   1.17
5001   1.42
5098   1.28
5188   1.25
5223   1.41
5323   1.31
5407   1.33
5506   1.37
5531   1.31
5572   1.43
5644   1.43
5678   1.43
5751   1.39
5805   1.37
5892   1.16
5987   1.38
6040   1.31
6100   1.36
6155   1.30
6185   1.29
6245   1.40
6318   1.35
6352   1.42
6449   1.33
6525   1.43
6605   1.45
6692   1.34
6791   1.29
6883   1.27
6905   1.24
6925   1.34
6959   1.32
7031   1.19
7110   1.19
7209   1.23
7252   1.45
7276   1.33
7308   1.18
7347   1.30
7426   1.16
7473   1.31
7535   1.39
7585   1.45
7665   1.44
7698   1.40
7798   1.16
7820   1.25
7851   1.30
7918   1.43
7944   1.38
7997   1.34
8015   1.26
8034   1.32
8063   1.37
8142   1.29
8169   1.22
8232   1.21
8259   1.33
8341   1.38
8419   1.25
8525   1.20
8609   1.18
8672   1.45
8690   1.16
8753   1.24
8844   1.34
8944   1.31
9049   1.25
9140   1.38
9184   1.40
9218   1.24
9264   1.32
9342   1.21
9399   1.34
9448   1.30
9494   1.36
9511   1.26
9547   1.38
9633   1.40
9726   1.18
9790   1.26
9810   1.23
9913   1.32
9945   1.32
