24
274
273
10000
154
24     1.19
110    1.16
157    1.40
256    1.41
278    1.44
368    1.36
416    1.22
502    1.27
593    1.21
666    1.30
751    1.27
801    1.28
827    1.44
925    1.36
991    1.32
1044   1.39
1118   1.15
1159   1.28
1203   1.32
1296   1.36
1375   1.30
1479   1.35
1546   1.27
1621   1.25
1679   1.43
1695   1.41
1726   1.40
1832   1.31
1922   1.17
1978   1.30
1995   1.37
2041   1.41
2119   1.34
2160   1.44
2240   1.45
2315   1.34
2421   1.35
2493   1.43
2527   1.38
2543   1.22
2559   1.15
2654   1.30
2762   1.19
2813   1.23
2883   1.30
2950   1.42
2982   1.35
3009   1.29
3052   1.21
3103   1.25
3162   1.31
3239   1.43
3346   1.16
3427   1.20
3462   1.25
3480   1.26
3548   1.36
3638   1.27
3670   1.23
3761   1.39
3833   1.18
3898   1.43
3946   1.34
3979   1.41
4051   1.40
4096   1.29
4124   1.27
4219   1.29
4289   1.18
4393   1.26
4455   1.31
4497   1.45
4590   1.19
4695   1.30
4769   1.29
4835   1.35
4874   1.19
4891   1.44
4965   1.39
5065   1.33
5159   1.16
5247   1.38
5323   1.21
5352   1.18
5406   1.37
5493   1.23
5534   1.17
5581   1.23
5687   1.30
5796   1.17
5881   1.31
5982   1.39
6049   1.31
6110   1.35
6200   1.31
6266   1.31
6297   1.44
6312   1.43
6392   1.42
6452   1.18
6501   1.44
6599   1.21
6651   1.19
6734   1.25
6758   1.25
6799   1.43
6859   1.41
6912   1.31
6942   1.22
7049   1.17
7149   1.25
7258   1.29
7296   1.43
7317   1.21
7363   1.24
7446   1.30
7494   1.16
7589   1.38
7653   1.17
7737   1.33
7803   1.43
7820   1.24
7929   1.15
8012   1.29
8117   1.37
8135   1.35
8174   1.39
8242   1.30
8349   1.33
8417   1.30
8511   1.41
8589   1.35
8611   1.29
8643   1.24
8717   1.24
8765   1.22
8795   1.44
8854   1.29
8880   1.28
8936   1.27
8987   1.21
9041   1.39
9100   1.29
9186   1.30
9292   1.43
9398   1.23
9472   1.29
9502   1.24
9598   1.35
9642   1.23
9731   1.27
9789   1.33
9864   1.22
9936   1.19
